% factor from voltage amplitude at the coil input to B1+ field strength in T/V
% HW.TX(1).PaUout2Amplitude = [0.010000, 247.433717]*1e-6;  % 2022-05-10T14:36:43 (tFlip90 = 2.373 µs @ 10.000 V) from 1d Spin
HW.TX(1).PaUout2Amplitude = [0.005, 37.978221]*1e-6;  % 2022-03-30T11:56:25 (tFlip90 = 5.154 µs @ 30.000 V) from 1d Spin Echo by Find_PulseDuration
HW.TX(1).PaUout2Amplitude = [0.001, 40.787528]*1e-6;  % 2022-03-30T12:05:35 (tFlip90 = 14.396 µs @ 10.000 V) from 1d Spin Echo by Find_PulseDuration
HW.TX(1).PaUout2Amplitude = [0.001, 36.320546]*1e-6;  % 2022-03-30T12:26:50 (tFlip90 = 16.166 µs @ 10.000 V) from 1d Spin Echo by Find_PulseDuration
HW.TX(1).PaUout2Amplitude = [0.001, 33.837090]*1e-6;  % 2022-03-30T13:14:01 (tFlip90 = 17.353 µs @ 10.000 V) from 1d Spin Echo by Find_PulseDuration
HW.TX(1).PaUout2Amplitude = [0.001, 38.483008]*1e-6;  % 2022-04-14T11:45:10 (tFlip90 = 15.258 µs @ 10.000 V) from 1d Spin Echo by Find_PulseDuration
HW.TX(1).PaUout2Amplitude = [0.001, 36.614469]*1e-6;  % 2022-05-02T11:38:43 (tFlip90 = 16.036 µs @ 10.000 V) from 1d Spin Echo by Find_PulseDuration
HW.TX(1).PaUout2Amplitude = [0.001, 38.623800]*1e-6;  % 2022-05-10T11:07:34 (tFlip90 = 15.202 µs @ 10.000 V) from 1d Spin Echo by Find_PulseDuration
%old : [36.427685, y]HW.TX(1).PaUout2Amplitude = [0.010000, 28.202596]*1e-6;  % 2022-05-10T15:08:02 (tFlip90 = 20.820 µs @ 10.000 V) from 1d Spin Echo by Find_PulseDuration
HW.TX(1).PaUout2Amplitude = [0.001000, 1.304811]*1e-6;  % 2022-06-08T13:10:21 (tFlip90 = 150.000 µs @ 30.000 V) from 1d Spin Echo by Find_PulseDuration
HW.TX(1).PaUout2Amplitude = [0.001000, 3.914432]*1e-6;  % 2022-06-08T13:12:14 (tFlip90 = 150.000 µs @ 10.000 V) from 1d Spin Echo by Find_PulseDuration
HW.TX(1).PaUout2Amplitude = [0.001000, 27.503030]*1e-6;  % 2022-06-08T13:14:00 (tFlip90 = 21.349 µs @ 10.000 V) from 1d Spin Echo by Find_PulseDuration
HW.TX(1).PaUout2Amplitude = [0.001000, 27.503030]*1e-6;  % 2022-06-08T13:15:51 (tFlip90 = 21.349 µs @ 10.000 V) from 1d Spin Echo by Find_PulseDuration
HW.TX(1).PaUout2Amplitude = [0.001000, 27.503030]*1e-6;  % 2022-06-08T13:17:08 (tFlip90 = 21.349 µs @ 10.000 V) from 1d Spin Echo by Find_PulseDuration
HW.TX(1).PaUout2Amplitude = [0.001000, 27.503030]*1e-6;  % 2022-06-08T13:18:16 (tFlip90 = 21.349 µs @ 10.000 V) from 1d Spin Echo by Find_PulseDuration
HW.TX(1).PaUout2Amplitude = [0.001000, 3.560542]*1e-6;  % 2022-07-27T12:20:04 (tFlip90 = 164.909 µs @ 10.000 V) from 1d Spin Echo by Find_PulseDuration
HW.TX(1).PaUout2Amplitude = [0.001000, 3.232563]*1e-6;  % 2022-07-27T13:12:08 (tFlip90 = 181.641 µs @ 10.000 V) from 1d Spin Echo by Find_PulseDuration
HW.TX(1).PaUout2Amplitude = [0.001000, 3.571822]*1e-6;  % 2022-07-27T13:38:42 (tFlip90 = 164.388 µs @ 10.000 V) from 1d Spin Echo by Find_PulseDuration
HW.TX(1).PaUout2Amplitude = [0.001000, 36.501717]*1e-6;  % 2022-09-07T11:09:30 (tFlip90 = 16.086 µs @ 10.000 V) from 1d Spin Echo by Find_PulseDuration
HW.TX(1).PaUout2Amplitude = [0.001000, 19.029123]*1e-6;  % 2022-09-07T15:04:36 (tFlip90 = 30.856 µs @ 10.000 V) from 1d Spin Echo by Find_PulseDuration
HW.TX(1).PaUout2Amplitude = [0.001000, 19.551676]*1e-6;  % 2022-09-07T15:13:00 (tFlip90 = 30.031 µs @ 10.000 V) from 1d Spin Echo by Find_PulseDuration
HW.TX(1).PaUout2Amplitude = [0.001000, 17.360817]*1e-6;  % 2022-10-03T11:03:38 (tFlip90 = 33.821 µs @ 10.000 V) from 1d Spin Echo by Find_PulseDuration
HW.TX(1).PaUout2Amplitude = [0.001000, 37.035056]*1e-6;  % 2022-10-03T12:50:58 (tFlip90 = 15.854 µs @ 10.000 V) from 1d Spin Echo by Find_PulseDuration
HW.TX(1).PaUout2Amplitude = [0.001000, 27.719589]*1e-6;  % 2022-10-03T13:00:21 (tFlip90 = 21.182 µs @ 10.000 V) from 1d Spin Echo by Find_PulseDuration
HW.TX(1).PaUout2Amplitude = [0.001000, 26.771010]*1e-6;  % 2022-10-13T13:19:17 (tFlip90 = 21.933 µs @ 10.000 V) from 1d Spin Echo by Find_PulseDuration
HW.TX(1).PaUout2Amplitude = [0.001000, 26.793649]*1e-6;  % 2022-10-13T13:52:03 (tFlip90 = 21.914 µs @ 10.000 V) from 1d Spin Echo by Find_PulseDuration
HW.TX(1).PaUout2Amplitude = [0.001000, 6.373747]*1e-6;  % 2022-10-13T14:22:09 (tFlip90 = 92.122 µs @ 10.000 V) from 1d Spin Echo by Find_PulseDuration
HW.TX(1).PaUout2Amplitude = [0.001000, 26.557829]*1e-6;  % 2022-10-13T15:02:14 (tFlip90 = 22.109 µs @ 10.000 V) from 1d Spin Echo by Find_PulseDuration
